
DETEnergyDetector = [
    1    1    1    1     1     1     1    1    1    1  3.91515E-08 1.00000 
    2    2    1    1     1     1     1    1    1    1  0.00000E+00 0.00000 
    3    3    1    1     1     1     1    1    1    1  0.00000E+00 0.00000 
    4    4    1    1     1     1     1    1    1    1  0.00000E+00 0.00000 
    5    5    1    1     1     1     1    1    1    1  2.40716E-08 1.00000 
    6    6    1    1     1     1     1    1    1    1  0.00000E+00 0.00000 
    7    7    1    1     1     1     1    1    1    1  0.00000E+00 0.00000 
    8    8    1    1     1     1     1    1    1    1  2.63414E-08 1.00000 
    9    9    1    1     1     1     1    1    1    1  2.50468E-08 1.00000 
   10   10    1    1     1     1     1    1    1    1  5.59875E-08 0.70641 
   11   11    1    1     1     1     1    1    1    1  5.44659E-08 0.70702 
   12   12    1    1     1     1     1    1    1    1  0.00000E+00 0.00000 
   13   13    1    1     1     1     1    1    1    1  9.12657E-08 0.57640 
   14   14    1    1     1     1     1    1    1    1  3.10724E-08 1.00000 
   15   15    1    1     1     1     1    1    1    1  6.40263E-08 0.70660 
   16   16    1    1     1     1     1    1    1    1  1.01111E-07 0.57686 
   17   17    1    1     1     1     1    1    1    1  1.03053E-07 0.57626 
   18   18    1    1     1     1     1    1    1    1  1.71039E-07 0.44569 
   19   19    1    1     1     1     1    1    1    1  1.07378E-07 0.57631 
   20   20    1    1     1     1     1    1    1    1  3.32193E-08 1.00000 
   21   21    1    1     1     1     1    1    1    1  1.53033E-07 0.49874 
   22   22    1    1     1     1     1    1    1    1  3.12543E-07 0.35127 
   23   23    1    1     1     1     1    1    1    1  1.54616E-07 0.49934 
   24   24    1    1     1     1     1    1    1    1  3.95126E-07 0.33900 
   25   25    1    1     1     1     1    1    1    1  2.12114E-07 0.44569 
   26   26    1    1     1     1     1    1    1    1  3.47410E-07 0.35143 
   27   27    1    1     1     1     1    1    1    1  4.47820E-07 0.31346 
   28   28    1    1     1     1     1    1    1    1  1.78142E-07 0.49900 
   29   29    1    1     1     1     1    1    1    1  4.20873E-07 0.39601 
   30   30    1    1     1     1     1    1    1    1  3.48216E-07 0.37631 
   31   31    1    1     1     1     1    1    1    1  5.47562E-07 0.29874 
   32   32    1    1     1     1     1    1    1    1  4.03343E-07 0.35132 
   33   33    1    1     1     1     1    1    1    1  6.84579E-07 0.29360 
   34   34    1    1     1     1     1    1    1    1  4.28987E-07 0.35154 
   35   35    1    1     1     1     1    1    1    1  5.58922E-07 0.31369 
   36   36    1    1     1     1     1    1    1    1  9.08780E-07 0.26266 
   37   37    1    1     1     1     1    1    1    1  7.74233E-07 0.27419 
   38   38    1    1     1     1     1    1    1    1  1.38142E-06 0.21319 
   39   39    1    1     1     1     1    1    1    1  7.93694E-07 0.29714 
   40   40    1    1     1     1     1    1    1    1  1.44117E-06 0.25451 
   41   41    1    1     1     1     1    1    1    1  1.37501E-06 0.24328 
   42   42    1    1     1     1     1    1    1    1  1.33871E-06 0.24110 
   43   43    1    1     1     1     1    1    1    1  1.98611E-06 0.19194 
   44   44    1    1     1     1     1    1    1    1  3.43090E-06 0.15222 
   45   45    1    1     1     1     1    1    1    1  3.26826E-06 0.15531 
   46   46    1    1     1     1     1    1    1    1  4.69222E-06 0.12408 
   47   47    1    1     1     1     1    1    1    1  4.90039E-06 0.13963 
   48   48    1    1     1     1     1    1    1    1  5.39548E-06 0.11941 
   49   49    1    1     1     1     1    1    1    1  5.72824E-06 0.29473 
   50   50    1    1     1     1     1    1    1    1  5.74793E-06 0.12555 
   51   51    1    1     1     1     1    1    1    1  7.23577E-06 0.12139 
   52   52    1    1     1     1     1    1    1    1  8.23496E-06 0.22464 
   53   53    1    1     1     1     1    1    1    1  4.85997E-06 0.13741 
   54   54    1    1     1     1     1    1    1    1  8.51759E-06 0.24419 
   55   55    1    1     1     1     1    1    1    1  7.76600E-06 0.11635 
   56   56    1    1     1     1     1    1    1    1  1.10853E-05 0.09620 
   57   57    1    1     1     1     1    1    1    1  1.51966E-05 0.08239 
   58   58    1    1     1     1     1    1    1    1  1.47218E-05 0.08263 
   59   59    1    1     1     1     1    1    1    1  1.75499E-05 0.13053 
   60   60    1    1     1     1     1    1    1    1  1.99108E-05 0.08398 
   61   61    1    1     1     1     1    1    1    1  2.24199E-05 0.13831 
   62   62    1    1     1     1     1    1    1    1  2.24865E-05 0.07264 
   63   63    1    1     1     1     1    1    1    1  2.87942E-05 0.09290 
   64   64    1    1     1     1     1    1    1    1  2.82417E-05 0.11765 
   65   65    1    1     1     1     1    1    1    1  3.76439E-05 0.09820 
   66   66    1    1     1     1     1    1    1    1  5.05543E-05 0.09633 
   67   67    1    1     1     1     1    1    1    1  4.60418E-05 0.06947 
   68   68    1    1     1     1     1    1    1    1  4.89412E-05 0.06911 
   69   69    1    1     1     1     1    1    1    1  5.47467E-05 0.05141 
   70   70    1    1     1     1     1    1    1    1  7.07294E-05 0.06772 
   71   71    1    1     1     1     1    1    1    1  7.71025E-05 0.08610 
   72   72    1    1     1     1     1    1    1    1  8.70495E-05 0.04371 
   73   73    1    1     1     1     1    1    1    1  9.80187E-05 0.06296 
   74   74    1    1     1     1     1    1    1    1  1.02201E-04 0.06090 
   75   75    1    1     1     1     1    1    1    1  1.25942E-04 0.05633 
   76   76    1    1     1     1     1    1    1    1  1.45176E-04 0.05459 
   77   77    1    1     1     1     1    1    1    1  1.48947E-04 0.05497 
   78   78    1    1     1     1     1    1    1    1  1.88977E-04 0.04250 
   79   79    1    1     1     1     1    1    1    1  2.04426E-04 0.04198 
   80   80    1    1     1     1     1    1    1    1  2.06894E-04 0.03284 
   81   81    1    1     1     1     1    1    1    1  6.89017E-04 0.02295 
   82   82    1    1     1     1     1    1    1    1  5.64317E-04 0.02646 
   83   83    1    1     1     1     1    1    1    1  5.46193E-04 0.02684 
   84   84    1    1     1     1     1    1    1    1  5.45593E-04 0.02324 
   85   85    1    1     1     1     1    1    1    1  6.62322E-04 0.02501 
   86   86    1    1     1     1     1    1    1    1  6.66901E-04 0.02264 
   87   87    1    1     1     1     1    1    1    1  7.74778E-04 0.02359 
   88   88    1    1     1     1     1    1    1    1  8.63260E-04 0.02077 
   89   89    1    1     1     1     1    1    1    1  9.24435E-04 0.01939 
   90   90    1    1     1     1     1    1    1    1  1.11859E-03 0.01849 
   91   91    1    1     1     1     1    1    1    1  8.52855E-04 0.02007 
   92   92    1    1     1     1     1    1    1    1  9.41385E-04 0.02331 
   93   93    1    1     1     1     1    1    1    1  1.01272E-03 0.02080 
   94   94    1    1     1     1     1    1    1    1  1.14025E-03 0.01951 
   95   95    1    1     1     1     1    1    1    1  1.33456E-03 0.01887 
   96   96    1    1     1     1     1    1    1    1  1.42830E-03 0.01887 
   97   97    1    1     1     1     1    1    1    1  1.59080E-03 0.01682 
   98   98    1    1     1     1     1    1    1    1  1.81410E-03 0.01681 
   99   99    1    1     1     1     1    1    1    1  1.97249E-03 0.01662 
  100  100    1    1     1     1     1    1    1    1  2.21974E-03 0.01483 
  101  101    1    1     1     1     1    1    1    1  2.57787E-03 0.01371 
  102  102    1    1     1     1     1    1    1    1  3.40502E-03 0.01290 
  103  103    1    1     1     1     1    1    1    1  5.90733E-03 0.00884 
  104  104    1    1     1     1     1    1    1    1  5.15253E-03 0.00983 
