
DET1 = [
    1    1    1    1     1     1     1    1    1    1  5.65442E-02 0.00316 
    2    1    1    1     1     1     1    1    1    2  5.61648E-02 0.00301 
    3    1    1    1     1     1     1    1    1    3  5.65161E-02 0.00311 
    4    1    1    1     1     1     1    1    1    4  5.66612E-02 0.00309 
    5    1    1    1     1     1     1    1    1    5  5.66656E-02 0.00295 
    6    1    1    1     1     1     1    1    1    6  5.64486E-02 0.00308 
    7    1    1    1     1     1     1    1    1    7  5.60757E-02 0.00307 
    8    1    1    1     1     1     1    1    1    8  5.61801E-02 0.00311 
    9    1    1    1     1     1     1    1    1    9  5.64640E-02 0.00301 
   10    1    1    1     1     1     1    1    1   10  5.61949E-02 0.00309 
   11    1    1    1     1     1     1    1    1   11  5.64002E-02 0.00313 
   12    1    1    1     1     1     1    1    1   12  5.60329E-02 0.00301 
   13    1    1    1     1     1     1    1    1   13  5.59709E-02 0.00312 
   14    1    1    1     1     1     1    1    1   14  5.60790E-02 0.00308 
   15    1    1    1     1     1     1    1    1   15  5.59683E-02 0.00303 
   16    1    1    1     1     1     1    1    1   16  5.62159E-02 0.00311 
   17    1    1    1     1     1     1    1    1   17  5.59294E-02 0.00308 
   18    1    1    1     1     1     1    1    1   18  5.54896E-02 0.00316 
   19    1    1    1     1     1     1    1    1   19  5.55595E-02 0.00318 
   20    1    1    1     1     1     1    1    1   20  5.54139E-02 0.00306 
   21    1    1    1     1     1     1    1    1   21  5.56976E-02 0.00305 
   22    1    1    1     1     1     1    1    1   22  5.54108E-02 0.00312 
   23    1    1    1     1     1     1    1    1   23  5.54928E-02 0.00310 
   24    1    1    1     1     1     1    1    1   24  5.55948E-02 0.00313 
   25    1    1    1     1     1     1    1    1   25  5.51573E-02 0.00310 
   26    1    1    1     1     1     1    1    1   26  5.52977E-02 0.00318 
   27    1    1    1     1     1     1    1    1   27  5.48969E-02 0.00309 
   28    1    1    1     1     1     1    1    1   28  5.51268E-02 0.00316 
   29    1    1    1     1     1     1    1    1   29  5.48333E-02 0.00321 
   30    1    1    1     1     1     1    1    1   30  5.47751E-02 0.00307 
   31    1    1    1     1     1     1    1    1   31  5.44079E-02 0.00315 
   32    1    1    1     1     1     1    1    1   32  5.44268E-02 0.00313 
   33    1    1    1     1     1     1    1    1   33  5.43887E-02 0.00304 
   34    1    1    1     1     1     1    1    1   34  5.41958E-02 0.00302 
   35    1    1    1     1     1     1    1    1   35  5.41440E-02 0.00309 
   36    1    1    1     1     1     1    1    1   36  5.41603E-02 0.00321 
   37    1    1    1     1     1     1    1    1   37  5.41467E-02 0.00325 
   38    1    1    1     1     1     1    1    1   38  5.37965E-02 0.00307 
   39    1    1    1     1     1     1    1    1   39  5.36162E-02 0.00305 
   40    1    1    1     1     1     1    1    1   40  5.35398E-02 0.00311 
   41    1    1    1     1     1     1    1    1   41  5.32216E-02 0.00320 
   42    1    1    1     1     1     1    1    1   42  5.31904E-02 0.00327 
   43    1    1    1     1     1     1    1    1   43  5.26961E-02 0.00323 
   44    1    1    1     1     1     1    1    1   44  5.27267E-02 0.00318 
   45    1    1    1     1     1     1    1    1   45  5.25355E-02 0.00321 
   46    1    1    1     1     1     1    1    1   46  5.27737E-02 0.00319 
   47    1    1    1     1     1     1    1    1   47  5.23886E-02 0.00319 
   48    1    1    1     1     1     1    1    1   48  5.25346E-02 0.00316 
   49    1    1    1     1     1     1    1    1   49  5.18760E-02 0.00312 
   50    1    1    1     1     1     1    1    1   50  5.17641E-02 0.00317 
   51    1    1    1     1     1     1    1    1   51  5.17346E-02 0.00319 
   52    1    1    1     1     1     1    1    1   52  5.15640E-02 0.00330 
   53    1    1    1     1     1     1    1    1   53  5.13177E-02 0.00320 
   54    1    1    1     1     1     1    1    1   54  5.08608E-02 0.00327 
   55    1    1    1     1     1     1    1    1   55  5.06995E-02 0.00318 
   56    1    1    1     1     1     1    1    1   56  5.08937E-02 0.00329 
   57    1    1    1     1     1     1    1    1   57  5.05565E-02 0.00325 
   58    1    1    1     1     1     1    1    1   58  5.03529E-02 0.00324 
   59    1    1    1     1     1     1    1    1   59  4.99045E-02 0.00319 
   60    1    1    1     1     1     1    1    1   60  4.94281E-02 0.00319 
   61    1    1    1     1     1     1    1    1   61  4.92787E-02 0.00332 
   62    1    1    1     1     1     1    1    1   62  4.92107E-02 0.00327 
   63    1    1    1     1     1     1    1    1   63  4.93083E-02 0.00316 
   64    1    1    1     1     1     1    1    1   64  4.87631E-02 0.00340 
   65    1    1    1     1     1     1    1    1   65  4.86156E-02 0.00329 
   66    1    1    1     1     1     1    1    1   66  4.86950E-02 0.00334 
   67    1    1    1     1     1     1    1    1   67  4.83975E-02 0.00336 
   68    1    1    1     1     1     1    1    1   68  4.79548E-02 0.00332 
   69    1    1    1     1     1     1    1    1   69  4.79208E-02 0.00341 
   70    1    1    1     1     1     1    1    1   70  4.73646E-02 0.00341 
   71    1    1    1     1     1     1    1    1   71  4.68170E-02 0.00330 
   72    1    1    1     1     1     1    1    1   72  4.68779E-02 0.00336 
   73    1    1    1     1     1     1    1    1   73  4.67425E-02 0.00336 
   74    1    1    1     1     1     1    1    1   74  4.60479E-02 0.00338 
   75    1    1    1     1     1     1    1    1   75  4.58565E-02 0.00342 
   76    1    1    1     1     1     1    1    1   76  4.60034E-02 0.00347 
   77    1    1    1     1     1     1    1    1   77  4.56395E-02 0.00343 
   78    1    1    1     1     1     1    1    1   78  4.53623E-02 0.00348 
   79    1    1    1     1     1     1    1    1   79  4.50022E-02 0.00354 
   80    1    1    1     1     1     1    1    1   80  4.47830E-02 0.00345 
   81    1    1    1     1     1     1    1    1   81  4.42651E-02 0.00342 
   82    1    1    1     1     1     1    1    1   82  4.43279E-02 0.00351 
   83    1    1    1     1     1     1    1    1   83  4.39383E-02 0.00353 
   84    1    1    1     1     1     1    1    1   84  4.35228E-02 0.00359 
   85    1    1    1     1     1     1    1    1   85  4.29921E-02 0.00344 
   86    1    1    1     1     1     1    1    1   86  4.27521E-02 0.00352 
   87    1    1    1     1     1     1    1    1   87  4.23679E-02 0.00353 
   88    1    1    1     1     1     1    1    1   88  4.23597E-02 0.00349 
   89    1    1    1     1     1     1    1    1   89  4.20319E-02 0.00357 
   90    1    1    1     1     1     1    1    1   90  4.17315E-02 0.00360 
   91    1    1    1     1     1     1    1    1   91  4.12975E-02 0.00361 
   92    1    1    1     1     1     1    1    1   92  4.07639E-02 0.00371 
   93    1    1    1     1     1     1    1    1   93  4.02754E-02 0.00350 
   94    1    1    1     1     1     1    1    1   94  4.00321E-02 0.00367 
   95    1    1    1     1     1     1    1    1   95  3.95922E-02 0.00363 
   96    1    1    1     1     1     1    1    1   96  3.95060E-02 0.00380 
   97    1    1    1     1     1     1    1    1   97  3.91915E-02 0.00389 
   98    1    1    1     1     1     1    1    1   98  3.87308E-02 0.00380 
   99    1    1    1     1     1     1    1    1   99  3.84339E-02 0.00376 
  100    1    1    1     1     1     1    1    1  100  3.76578E-02 0.00378 
];


