
DETEnergyDetector = [
    1    1    1    1     1     1     1    1    1    1  1.27040E-07 0.75159 
    2    2    1    1     1     1     1    1    1    1  0.00000E+00 0.00000 
    3    3    1    1     1     1     1    1    1    1  0.00000E+00 0.00000 
    4    4    1    1     1     1     1    1    1    1  8.91955E-08 1.00000 
    5    5    1    1     1     1     1    1    1    1  0.00000E+00 0.00000 
    6    6    1    1     1     1     1    1    1    1  0.00000E+00 0.00000 
    7    7    1    1     1     1     1    1    1    1  0.00000E+00 0.00000 
    8    8    1    1     1     1     1    1    1    1  0.00000E+00 0.00000 
    9    9    1    1     1     1     1    1    1    1  0.00000E+00 0.00000 
   10   10    1    1     1     1     1    1    1    1  0.00000E+00 0.00000 
   11   11    1    1     1     1     1    1    1    1  0.00000E+00 0.00000 
   12   12    1    1     1     1     1    1    1    1  0.00000E+00 0.00000 
   13   13    1    1     1     1     1    1    1    1  0.00000E+00 0.00000 
   14   14    1    1     1     1     1    1    1    1  0.00000E+00 0.00000 
   15   15    1    1     1     1     1    1    1    1  5.89764E-08 1.00000 
   16   16    1    1     1     1     1    1    1    1  0.00000E+00 0.00000 
   17   17    1    1     1     1     1    1    1    1  0.00000E+00 0.00000 
   18   18    1    1     1     1     1    1    1    1  0.00000E+00 0.00000 
   19   19    1    1     1     1     1    1    1    1  0.00000E+00 0.00000 
   20   20    1    1     1     1     1    1    1    1  1.55647E-07 1.00000 
   21   21    1    1     1     1     1    1    1    1  0.00000E+00 0.00000 
   22   22    1    1     1     1     1    1    1    1  1.44932E-07 1.00000 
   23   23    1    1     1     1     1    1    1    1  0.00000E+00 0.00000 
   24   24    1    1     1     1     1    1    1    1  1.63439E-07 1.00000 
   25   25    1    1     1     1     1    1    1    1  0.00000E+00 0.00000 
   26   26    1    1     1     1     1    1    1    1  1.75777E-07 1.00000 
   27   27    1    1     1     1     1    1    1    1  0.00000E+00 0.00000 
   28   28    1    1     1     1     1    1    1    1  0.00000E+00 0.00000 
   29   29    1    1     1     1     1    1    1    1  5.67911E-07 0.57641 
   30   30    1    1     1     1     1    1    1    1  4.06819E-07 0.70664 
   31   31    1    1     1     1     1    1    1    1  1.87442E-07 1.00000 
   32   32    1    1     1     1     1    1    1    1  0.00000E+00 0.00000 
   33   33    1    1     1     1     1    1    1    1  8.28752E-07 0.49921 
   34   34    1    1     1     1     1    1    1    1  4.19707E-07 0.70680 
   35   35    1    1     1     1     1    1    1    1  2.28889E-07 1.00000 
   36   36    1    1     1     1     1    1    1    1  0.00000E+00 0.00000 
   37   37    1    1     1     1     1    1    1    1  2.38316E-07 1.00000 
   38   38    1    1     1     1     1    1    1    1  1.10465E-06 0.45751 
   39   39    1    1     1     1     1    1    1    1  6.30257E-07 0.60139 
   40   40    1    1     1     1     1    1    1    1  4.92991E-07 0.70640 
   41   41    1    1     1     1     1    1    1    1  1.04961E-06 0.49862 
   42   42    1    1     1     1     1    1    1    1  0.00000E+00 0.00000 
   43   43    1    1     1     1     1    1    1    1  5.46268E-07 0.61799 
   44   44    1    1     1     1     1    1    1    1  5.68483E-07 0.70669 
   45   45    1    1     1     1     1    1    1    1  8.69696E-07 0.57661 
   46   46    1    1     1     1     1    1    1    1  3.54223E-06 0.28582 
   47   47    1    1     1     1     1    1    1    1  1.98478E-06 0.38292 
   48   48    1    1     1     1     1    1    1    1  4.54580E-06 0.25735 
   49   49    1    1     1     1     1    1    1    1  4.02024E-06 0.45181 
   50   50    1    1     1     1     1    1    1    1  3.14224E-06 0.31728 
   51   51    1    1     1     1     1    1    1    1  3.05007E-06 0.32062 
   52   52    1    1     1     1     1    1    1    1  4.12719E-06 0.44384 
   53   53    1    1     1     1     1    1    1    1  1.57793E-06 0.45547 
   54   54    1    1     1     1     1    1    1    1  2.63850E-06 0.36318 
   55   55    1    1     1     1     1    1    1    1  2.76392E-06 0.35780 
   56   56    1    1     1     1     1    1    1    1  2.93640E-06 0.35679 
   57   57    1    1     1     1     1    1    1    1  6.20119E-06 0.23835 
   58   58    1    1     1     1     1    1    1    1  6.35060E-06 0.24269 
   59   59    1    1     1     1     1    1    1    1  8.50925E-06 0.20853 
   60   60    1    1     1     1     1    1    1    1  7.78272E-06 0.30775 
   61   61    1    1     1     1     1    1    1    1  6.62113E-06 0.24357 
   62   62    1    1     1     1     1    1    1    1  4.36717E-06 0.28737 
   63   63    1    1     1     1     1    1    1    1  1.10965E-05 0.25317 
   64   64    1    1     1     1     1    1    1    1  1.16608E-05 0.25110 
   65   65    1    1     1     1     1    1    1    1  1.49852E-05 0.16983 
   66   66    1    1     1     1     1    1    1    1  1.80352E-05 0.15099 
   67   67    1    1     1     1     1    1    1    1  1.72960E-05 0.17198 
   68   68    1    1     1     1     1    1    1    1  2.42980E-05 0.16159 
   69   69    1    1     1     1     1    1    1    1  2.83265E-05 0.13226 
   70   70    1    1     1     1     1    1    1    1  2.98721E-05 0.16622 
   71   71    1    1     1     1     1    1    1    1  3.53093E-05 0.11454 
   72   72    1    1     1     1     1    1    1    1  4.09177E-05 0.13627 
   73   73    1    1     1     1     1    1    1    1  4.17524E-05 0.12453 
   74   74    1    1     1     1     1    1    1    1  5.18407E-05 0.11650 
   75   75    1    1     1     1     1    1    1    1  5.84717E-05 0.11109 
   76   76    1    1     1     1     1    1    1    1  5.41344E-05 0.11999 
   77   77    1    1     1     1     1    1    1    1  5.61940E-05 0.10729 
   78   78    1    1     1     1     1    1    1    1  8.93595E-05 0.09584 
   79   79    1    1     1     1     1    1    1    1  8.46579E-05 0.09454 
   80   80    1    1     1     1     1    1    1    1  8.24469E-05 0.09016 
   81   81    1    1     1     1     1    1    1    1  4.07142E-04 0.04476 
   82   82    1    1     1     1     1    1    1    1  3.04390E-04 0.05023 
   83   83    1    1     1     1     1    1    1    1  2.93827E-04 0.05284 
   84   84    1    1     1     1     1    1    1    1  2.79790E-04 0.05588 
   85   85    1    1     1     1     1    1    1    1  3.16753E-04 0.05416 
   86   86    1    1     1     1     1    1    1    1  3.30822E-04 0.05133 
   87   87    1    1     1     1     1    1    1    1  3.95577E-04 0.04661 
   88   88    1    1     1     1     1    1    1    1  4.50348E-04 0.04378 
   89   89    1    1     1     1     1    1    1    1  4.70428E-04 0.04215 
   90   90    1    1     1     1     1    1    1    1  5.85869E-04 0.03971 
   91   91    1    1     1     1     1    1    1    1  4.21059E-04 0.04645 
   92   92    1    1     1     1     1    1    1    1  3.97469E-04 0.04921 
   93   93    1    1     1     1     1    1    1    1  4.99161E-04 0.04359 
   94   94    1    1     1     1     1    1    1    1  5.65705E-04 0.04046 
   95   95    1    1     1     1     1    1    1    1  6.69731E-04 0.03843 
   96   96    1    1     1     1     1    1    1    1  7.29284E-04 0.03853 
   97   97    1    1     1     1     1    1    1    1  7.62785E-04 0.03672 
   98   98    1    1     1     1     1    1    1    1  8.27084E-04 0.03699 
   99   99    1    1     1     1     1    1    1    1  9.20831E-04 0.03103 
  100  100    1    1     1     1     1    1    1    1  1.04794E-03 0.03210 
  101  101    1    1     1     1     1    1    1    1  1.18355E-03 0.02902 
  102  102    1    1     1     1     1    1    1    1  1.56396E-03 0.02584 
  103  103    1    1     1     1     1    1    1    1  3.17055E-03 0.01940 
  104  104    1    1     1     1     1    1    1    1  2.65609E-03 0.02091 
