
DETenergyDetector = [
    1    1    1    1     1     1     1    1    1    1  1.37376E-06 0.97189 
    2    2    1    1     1     1     1    1    1    1  0.00000E+00 0.00000 
    3    3    1    1     1     1     1    1    1    1  0.00000E+00 0.00000 
    4    4    1    1     1     1     1    1    1    1  0.00000E+00 0.00000 
    5    5    1    1     1     1     1    1    1    1  0.00000E+00 0.00000 
    6    6    1    1     1     1     1    1    1    1  0.00000E+00 0.00000 
    7    7    1    1     1     1     1    1    1    1  0.00000E+00 0.00000 
    8    8    1    1     1     1     1    1    1    1  0.00000E+00 0.00000 
    9    9    1    1     1     1     1    1    1    1  0.00000E+00 0.00000 
   10   10    1    1     1     1     1    1    1    1  9.92215E-07 1.00000 
   11   11    1    1     1     1     1    1    1    1  0.00000E+00 0.00000 
   12   12    1    1     1     1     1    1    1    1  0.00000E+00 0.00000 
   13   13    1    1     1     1     1    1    1    1  0.00000E+00 0.00000 
   14   14    1    1     1     1     1    1    1    1  0.00000E+00 0.00000 
   15   15    1    1     1     1     1    1    1    1  0.00000E+00 0.00000 
   16   16    1    1     1     1     1    1    1    1  0.00000E+00 0.00000 
   17   17    1    1     1     1     1    1    1    1  0.00000E+00 0.00000 
   18   18    1    1     1     1     1    1    1    1  0.00000E+00 0.00000 
   19   19    1    1     1     1     1    1    1    1  0.00000E+00 0.00000 
   20   20    1    1     1     1     1    1    1    1  0.00000E+00 0.00000 
   21   21    1    1     1     1     1    1    1    1  4.55931E-09 1.00000 
   22   22    1    1     1     1     1    1    1    1  0.00000E+00 0.00000 
   23   23    1    1     1     1     1    1    1    1  5.00734E-09 1.00000 
   24   24    1    1     1     1     1    1    1    1  0.00000E+00 0.00000 
   25   25    1    1     1     1     1    1    1    1  0.00000E+00 0.00000 
   26   26    1    1     1     1     1    1    1    1  5.42986E-09 1.00000 
   27   27    1    1     1     1     1    1    1    1  0.00000E+00 0.00000 
   28   28    1    1     1     1     1    1    1    1  0.00000E+00 0.00000 
   29   29    1    1     1     1     1    1    1    1  0.00000E+00 0.00000 
   30   30    1    1     1     1     1    1    1    1  0.00000E+00 0.00000 
   31   31    1    1     1     1     1    1    1    1  1.17770E-08 0.70695 
   32   32    1    1     1     1     1    1    1    1  0.00000E+00 0.00000 
   33   33    1    1     1     1     1    1    1    1  1.01138E-07 0.93846 
   34   34    1    1     1     1     1    1    1    1  6.76793E-09 1.00000 
   35   35    1    1     1     1     1    1    1    1  2.20231E-06 0.99686 
   36   36    1    1     1     1     1    1    1    1  2.10985E-06 1.00000 
   37   37    1    1     1     1     1    1    1    1  0.00000E+00 0.00000 
   38   38    1    1     1     1     1    1    1    1  7.12090E-09 1.00000 
   39   39    1    1     1     1     1    1    1    1  7.48309E-09 1.00000 
   40   40    1    1     1     1     1    1    1    1  0.00000E+00 0.00000 
   41   41    1    1     1     1     1    1    1    1  0.00000E+00 0.00000 
   42   42    1    1     1     1     1    1    1    1  1.63116E-08 0.70695 
   43   43    1    1     1     1     1    1    1    1  2.59716E-06 0.99334 
   44   44    1    1     1     1     1    1    1    1  1.68286E-08 0.70696 
   45   45    1    1     1     1     1    1    1    1  5.62646E-06 0.70468 
   46   46    1    1     1     1     1    1    1    1  9.11376E-09 1.00000 
   47   47    1    1     1     1     1    1    1    1  0.00000E+00 0.00000 
   48   48    1    1     1     1     1    1    1    1  3.10762E-06 1.00000 
   49   49    1    1     1     1     1    1    1    1  2.97378E-08 0.57732 
   50   50    1    1     1     1     1    1    1    1  1.05784E-08 1.00000 
   51   51    1    1     1     1     1    1    1    1  4.38944E-08 0.50010 
   52   52    1    1     1     1     1    1    1    1  3.53417E-06 0.95437 
   53   53    1    1     1     1     1    1    1    1  2.17842E-07 0.75299 
   54   54    1    1     1     1     1    1    1    1  3.55970E-06 0.99045 
   55   55    1    1     1     1     1    1    1    1  3.78133E-06 0.98422 
   56   56    1    1     1     1     1    1    1    1  3.78042E-08 0.57707 
   57   57    1    1     1     1     1    1    1    1  4.98224E-08 0.49989 
   58   58    1    1     1     1     1    1    1    1  1.21891E-05 0.57541 
   59   59    1    1     1     1     1    1    1    1  1.63015E-05 0.61070 
   60   60    1    1     1     1     1    1    1    1  3.98238E-06 0.99006 
   61   61    1    1     1     1     1    1    1    1  4.38836E-06 0.98068 
   62   62    1    1     1     1     1    1    1    1  1.19757E-05 0.57337 
   63   63    1    1     1     1     1    1    1    1  1.21437E-05 0.73353 
   64   64    1    1     1     1     1    1    1    1  2.01344E-05 0.44090 
   65   65    1    1     1     1     1    1    1    1  8.54000E-06 0.69126 
   66   66    1    1     1     1     1    1    1    1  1.65122E-05 0.60335 
   67   67    1    1     1     1     1    1    1    1  1.24293E-05 0.55992 
   68   68    1    1     1     1     1    1    1    1  1.26877E-05 0.55828 
   69   69    1    1     1     1     1    1    1    1  1.63873E-05 0.48737 
   70   70    1    1     1     1     1    1    1    1  1.25413E-05 0.55462 
   71   71    1    1     1     1     1    1    1    1  3.35777E-04 0.14857 
   72   72    1    1     1     1     1    1    1    1  1.34166E-04 0.18850 
   73   73    1    1     1     1     1    1    1    1  1.22759E-04 0.20077 
   74   74    1    1     1     1     1    1    1    1  9.34825E-05 0.25194 
   75   75    1    1     1     1     1    1    1    1  1.59285E-04 0.22091 
   76   76    1    1     1     1     1    1    1    1  2.04402E-04 0.16146 
   77   77    1    1     1     1     1    1    1    1  1.43467E-04 0.16834 
   78   78    1    1     1     1     1    1    1    1  1.85290E-04 0.17158 
   79   79    1    1     1     1     1    1    1    1  1.92787E-04 0.16347 
   80   80    1    1     1     1     1    1    1    1  2.60676E-04 0.16493 
   81   81    1    1     1     1     1    1    1    1  2.49846E-04 0.14331 
   82   82    1    1     1     1     1    1    1    1  4.11824E-04 0.12233 
   83   83    1    1     1     1     1    1    1    1  3.10729E-04 0.13769 
   84   84    1    1     1     1     1    1    1    1  3.69351E-04 0.13831 
   85   85    1    1     1     1     1    1    1    1  5.45639E-04 0.10565 
   86   86    1    1     1     1     1    1    1    1  7.68514E-04 0.09410 
   87   87    1    1     1     1     1    1    1    1  7.84957E-04 0.09146 
   88   88    1    1     1     1     1    1    1    1  1.90084E-03 0.05854 
   89   89    1    1     1     1     1    1    1    1  4.57065E-03 0.03725 
   90   90    1    1     1     1     1    1    1    1  7.03827E-04 0.10028 
   91   91    1    1     1     1     1    1    1    1  7.70667E-04 0.08587 
   92   92    1    1     1     1     1    1    1    1  2.94368E-03 0.04783 
   93   93    1    1     1     1     1    1    1    1  1.93252E-03 0.05678 
   94   94    1    1     1     1     1    1    1    1  1.60333E-03 0.05655 
   95   95    1    1     1     1     1    1    1    1  2.03073E-03 0.05434 
   96   96    1    1     1     1     1    1    1    1  1.90152E-03 0.05502 
   97   97    1    1     1     1     1    1    1    1  5.14634E-03 0.03343 
   98   98    1    1     1     1     1    1    1    1  4.20437E-03 0.03699 
   99   99    1    1     1     1     1    1    1    1  3.33485E-03 0.04288 
  100  100    1    1     1     1     1    1    1    1  3.04357E-03 0.04440 
  101  101    1    1     1     1     1    1    1    1  4.96950E-03 0.03566 
  102  102    1    1     1     1     1    1    1    1  7.99875E-03 0.02785 
  103  103    1    1     1     1     1    1    1    1  1.11979E-02 0.02330 
  104  104    1    1     1     1     1    1    1    1  5.77450E-03 0.03305 
