
DETEnergyDetector = [
    1    1    1    1     1     1     1    1    1    1  2.70625E-08 1.00000 
    2    2    1    1     1     1     1    1    1    1  0.00000E+00 0.00000 
    3    3    1    1     1     1     1    1    1    1  0.00000E+00 0.00000 
    4    4    1    1     1     1     1    1    1    1  0.00000E+00 0.00000 
    5    5    1    1     1     1     1    1    1    1  0.00000E+00 0.00000 
    6    6    1    1     1     1     1    1    1    1  0.00000E+00 0.00000 
    7    7    1    1     1     1     1    1    1    1  0.00000E+00 0.00000 
    8    8    1    1     1     1     1    1    1    1  3.46718E-08 1.00000 
    9    9    1    1     1     1     1    1    1    1  0.00000E+00 0.00000 
   10   10    1    1     1     1     1    1    1    1  3.83712E-08 1.00000 
   11   11    1    1     1     1     1    1    1    1  0.00000E+00 0.00000 
   12   12    1    1     1     1     1    1    1    1  1.29956E-07 0.58991 
   13   13    1    1     1     1     1    1    1    1  0.00000E+00 0.00000 
   14   14    1    1     1     1     1    1    1    1  4.10779E-08 1.00000 
   15   15    1    1     1     1     1    1    1    1  3.80517E-08 1.00000 
   16   16    1    1     1     1     1    1    1    1  0.00000E+00 0.00000 
   17   17    1    1     1     1     1    1    1    1  4.36623E-08 1.00000 
   18   18    1    1     1     1     1    1    1    1  0.00000E+00 0.00000 
   19   19    1    1     1     1     1    1    1    1  9.52491E-08 0.70640 
   20   20    1    1     1     1     1    1    1    1  0.00000E+00 0.00000 
   21   21    1    1     1     1     1    1    1    1  5.06305E-08 1.00000 
   22   22    1    1     1     1     1    1    1    1  2.59533E-07 0.44543 
   23   23    1    1     1     1     1    1    1    1  2.17773E-07 0.49897 
   24   24    1    1     1     1     1    1    1    1  2.14080E-07 0.49885 
   25   25    1    1     1     1     1    1    1    1  2.33883E-07 0.50688 
   26   26    1    1     1     1     1    1    1    1  3.54352E-07 0.40645 
   27   27    1    1     1     1     1    1    1    1  5.68649E-07 0.33581 
   28   28    1    1     1     1     1    1    1    1  4.85398E-07 0.35136 
   29   29    1    1     1     1     1    1    1    1  3.83606E-07 0.40641 
   30   30    1    1     1     1     1    1    1    1  4.31874E-07 0.37609 
   31   31    1    1     1     1     1    1    1    1  4.88354E-07 0.38065 
   32   32    1    1     1     1     1    1    1    1  3.40239E-07 0.44580 
   33   33    1    1     1     1     1    1    1    1  4.22452E-07 0.40628 
   34   34    1    1     1     1     1    1    1    1  4.88004E-07 0.37619 
   35   35    1    1     1     1     1    1    1    1  1.51263E-06 0.22097 
   36   36    1    1     1     1     1    1    1    1  1.32630E-06 0.26155 
   37   37    1    1     1     1     1    1    1    1  6.91346E-07 0.33084 
   38   38    1    1     1     1     1    1    1    1  1.35070E-06 0.23893 
   39   39    1    1     1     1     1    1    1    1  5.71885E-07 0.37622 
   40   40    1    1     1     1     1    1    1    1  8.01236E-07 0.33472 
   41   41    1    1     1     1     1    1    1    1  1.81064E-06 0.22353 
   42   42    1    1     1     1     1    1    1    1  3.05901E-06 0.45964 
   43   43    1    1     1     1     1    1    1    1  3.02215E-06 0.16858 
   44   44    1    1     1     1     1    1    1    1  4.61406E-06 0.31700 
   45   45    1    1     1     1     1    1    1    1  2.34118E-06 0.22319 
   46   46    1    1     1     1     1    1    1    1  4.32145E-06 0.15592 
   47   47    1    1     1     1     1    1    1    1  5.57856E-06 0.27835 
   48   48    1    1     1     1     1    1    1    1  3.93793E-06 0.15933 
   49   49    1    1     1     1     1    1    1    1  5.27301E-06 0.14233 
   50   50    1    1     1     1     1    1    1    1  6.04635E-06 0.13462 
   51   51    1    1     1     1     1    1    1    1  6.77497E-06 0.13422 
   52   52    1    1     1     1     1    1    1    1  7.89772E-06 0.24508 
   53   53    1    1     1     1     1    1    1    1  6.64813E-06 0.13489 
   54   54    1    1     1     1     1    1    1    1  8.59249E-06 0.13520 
   55   55    1    1     1     1     1    1    1    1  1.18618E-05 0.22828 
   56   56    1    1     1     1     1    1    1    1  1.02117E-05 0.11449 
   57   57    1    1     1     1     1    1    1    1  1.53341E-05 0.09446 
   58   58    1    1     1     1     1    1    1    1  1.30819E-05 0.16561 
   59   59    1    1     1     1     1    1    1    1  1.14273E-05 0.10989 
   60   60    1    1     1     1     1    1    1    1  1.57549E-05 0.08984 
   61   61    1    1     1     1     1    1    1    1  1.98227E-05 0.08525 
   62   62    1    1     1     1     1    1    1    1  2.39730E-05 0.14855 
   63   63    1    1     1     1     1    1    1    1  2.29739E-05 0.08359 
   64   64    1    1     1     1     1    1    1    1  2.41618E-05 0.07975 
   65   65    1    1     1     1     1    1    1    1  4.20800E-05 0.10419 
   66   66    1    1     1     1     1    1    1    1  3.42184E-05 0.07139 
   67   67    1    1     1     1     1    1    1    1  4.46143E-05 0.08656 
   68   68    1    1     1     1     1    1    1    1  5.01760E-05 0.08415 
   69   69    1    1     1     1     1    1    1    1  5.44597E-05 0.07931 
   70   70    1    1     1     1     1    1    1    1  6.56773E-05 0.07142 
   71   71    1    1     1     1     1    1    1    1  6.28382E-05 0.06753 
   72   72    1    1     1     1     1    1    1    1  8.11161E-05 0.05517 
   73   73    1    1     1     1     1    1    1    1  9.11028E-05 0.06262 
   74   74    1    1     1     1     1    1    1    1  1.00364E-04 0.08072 
   75   75    1    1     1     1     1    1    1    1  1.06456E-04 0.04916 
   76   76    1    1     1     1     1    1    1    1  1.25000E-04 0.06082 
   77   77    1    1     1     1     1    1    1    1  1.32076E-04 0.05867 
   78   78    1    1     1     1     1    1    1    1  1.79499E-04 0.04508 
   79   79    1    1     1     1     1    1    1    1  1.78432E-04 0.04576 
   80   80    1    1     1     1     1    1    1    1  1.97027E-04 0.03795 
   81   81    1    1     1     1     1    1    1    1  7.12226E-04 0.02528 
   82   82    1    1     1     1     1    1    1    1  5.13939E-04 0.02725 
   83   83    1    1     1     1     1    1    1    1  5.46044E-04 0.02803 
   84   84    1    1     1     1     1    1    1    1  5.61558E-04 0.02784 
   85   85    1    1     1     1     1    1    1    1  6.23914E-04 0.02678 
   86   86    1    1     1     1     1    1    1    1  6.61968E-04 0.02802 
   87   87    1    1     1     1     1    1    1    1  7.11046E-04 0.02682 
   88   88    1    1     1     1     1    1    1    1  8.48787E-04 0.02552 
   89   89    1    1     1     1     1    1    1    1  8.81916E-04 0.02360 
   90   90    1    1     1     1     1    1    1    1  1.10979E-03 0.02079 
   91   91    1    1     1     1     1    1    1    1  8.23925E-04 0.02317 
   92   92    1    1     1     1     1    1    1    1  8.58469E-04 0.02664 
   93   93    1    1     1     1     1    1    1    1  9.96669E-04 0.02353 
   94   94    1    1     1     1     1    1    1    1  1.11919E-03 0.02220 
   95   95    1    1     1     1     1    1    1    1  1.27400E-03 0.01960 
   96   96    1    1     1     1     1    1    1    1  1.37998E-03 0.01973 
   97   97    1    1     1     1     1    1    1    1  1.54676E-03 0.01994 
   98   98    1    1     1     1     1    1    1    1  1.71026E-03 0.01806 
   99   99    1    1     1     1     1    1    1    1  1.94304E-03 0.01915 
  100  100    1    1     1     1     1    1    1    1  2.17297E-03 0.01627 
  101  101    1    1     1     1     1    1    1    1  2.50037E-03 0.01630 
  102  102    1    1     1     1     1    1    1    1  3.19761E-03 0.01381 
  103  103    1    1     1     1     1    1    1    1  5.73979E-03 0.00978 
  104  104    1    1     1     1     1    1    1    1  4.95263E-03 0.01058 
